name,imgSrc,categories,dealType,digitalCoupon,isSelected
Publix Red Seedless Watermelon Chunks,https://raw.githubusercontent.com/Galigos162/publix-bogo-data/main/images/publix_red_seedless_watermelon_chunks.jpg,Produce,BOGO,,false
Publix Tea or Lemonade,https://raw.githubusercontent.com/Galigos162/publix-bogo-data/main/images/publix_tea_or_lemonade.jpg,Deli,BOGO,,false
GreenWise Organic White Mushrooms,https://raw.githubusercontent.com/Galigos162/publix-bogo-data/main/images/greenwise_organic_white_mushrooms.jpg,Produce,BOGO,,false
Lavazza Ground Coffee,https://raw.githubusercontent.com/Galigos162/publix-bogo-data/main/images/lavazza_ground_coffee.jpg,Grocery,BOGO,,false
Thomas' Swirl Bread,https://raw.githubusercontent.com/Galigos162/publix-bogo-data/main/images/thomas_swirl_bread.jpg,Grocery,BOGO,,false
Sara Lee Honey Wheat Bread,https://raw.githubusercontent.com/Galigos162/publix-bogo-data/main/images/sara_lee_honey_wheat_bread.jpg,Grocery,BOGO,,false
General Mills Cereal-All,https://raw.githubusercontent.com/Galigos162/publix-bogo-data/main/images/general_mills_cerealall.jpg,Grocery,BOGO,Save $1.00 with digital coupon,false
Nature's Own Perfectly Crafted Bread,https://raw.githubusercontent.com/Galigos162/publix-bogo-data/main/images/natures_own_perfectly_crafted_bread.jpg,Grocery,BOGO,,false
Heinz Tomato Ketchup,https://raw.githubusercontent.com/Galigos162/publix-bogo-data/main/images/heinz_tomato_ketchup.jpg,Grocery,BOGO,,false
Carbone Sauce,https://raw.githubusercontent.com/Galigos162/publix-bogo-data/main/images/carbone_sauce.jpg,Grocery,BOGO,,false
Gatorade Thirst Quencher,https://raw.githubusercontent.com/Galigos162/publix-bogo-data/main/images/gatorade_thirst_quencher.jpg,Grocery,BOGO,,false
Pompeian Imported Olive Oil,https://raw.githubusercontent.com/Galigos162/publix-bogo-data/main/images/pompeian_imported_olive_oil.jpg,Grocery,BOGO,,false
Unreal Dark Chocolate Bars,https://raw.githubusercontent.com/Galigos162/publix-bogo-data/main/images/unreal_dark_chocolate_bars.jpg,Grocery,BOGO,,false
Nabisco Honey Maid Grahams Crackers,https://raw.githubusercontent.com/Galigos162/publix-bogo-data/main/images/nabisco_honey_maid_grahams_crackers.jpg,Grocery,BOGO,,false
Cape Cod Kettle Cooked Potato Chips,https://raw.githubusercontent.com/Galigos162/publix-bogo-data/main/images/cape_cod_kettle_cooked_potato_chips.jpg,Grocery,BOGO,,false
Bodyarmor Sports Drink,https://raw.githubusercontent.com/Galigos162/publix-bogo-data/main/images/bodyarmor_sports_drink.jpg,Grocery,BOGO,,false
Dot's Homestyle Pretzels,https://raw.githubusercontent.com/Galigos162/publix-bogo-data/main/images/dots_homestyle_pretzels.jpg,Grocery,BOGO,,false
"Chex Mix, Gardetto's, or Bugles Snacks",https://raw.githubusercontent.com/Galigos162/publix-bogo-data/main/images/chex_mix_gardettos_or_bugles_snacks.jpg,Grocery,BOGO,Save $0.75 with digital coupon,false
Stonyfield Organic Yogurt,https://raw.githubusercontent.com/Galigos162/publix-bogo-data/main/images/stonyfield_organic_yogurt.jpg,Protein|Dairy,BOGO,,false
Califia Farms Cold Brew Coffee,https://raw.githubusercontent.com/Galigos162/publix-bogo-data/main/images/califia_farms_cold_brew_coffee.jpg,Dairy,BOGO,,false
Birds Eye Vegetables,https://raw.githubusercontent.com/Galigos162/publix-bogo-data/main/images/birds_eye_vegetables.jpg,Frozen Food,BOGO,,false
Stouffer's Family Size Entree,https://raw.githubusercontent.com/Galigos162/publix-bogo-data/main/images/stouffers_family_size_entree.jpg,Frozen Food,BOGO,,false
Gorton's Fish Sticks or Fillets,https://raw.githubusercontent.com/Galigos162/publix-bogo-data/main/images/gortons_fish_sticks_or_fillets.jpg,Frozen Food,BOGO,,false
Haagen-Dazs Ice Cream,https://raw.githubusercontent.com/Galigos162/publix-bogo-data/main/images/haagendazs_ice_cream.jpg,Frozen Food,BOGO,,false
I Can't Believe It's Not Butter! Spread,https://raw.githubusercontent.com/Galigos162/publix-bogo-data/main/images/i_cant_believe_its_not_butter_spread.jpg,Dairy,BOGO,,false
Breyers Ice Cream,https://raw.githubusercontent.com/Galigos162/publix-bogo-data/main/images/breyers_ice_cream.jpg,Frozen Food,BOGO,,false
Hask Hair Care Products,https://raw.githubusercontent.com/Galigos162/publix-bogo-data/main/images/hask_hair_care_products.jpg,Beauty & Personal Care,BOGO,Save $6.00 with digital coupon,false
Nature Made Dietary Supplements,https://raw.githubusercontent.com/Galigos162/publix-bogo-data/main/images/nature_made_dietary_supplements.jpg,Health & Nutrition,BOGO,,false
Colgate Optic White Stain Fighter Toothpaste,https://raw.githubusercontent.com/Galigos162/publix-bogo-data/main/images/colgate_optic_white_stain_fighter_toothpaste.jpg,Beauty & Personal Care,BOGO,Save $4.00 with digital coupon,false
Every Man Jack Men's Products,https://raw.githubusercontent.com/Galigos162/publix-bogo-data/main/images/every_man_jack_mens_products.jpg,Beauty & Personal Care,BOGO,,false
Oxiclean Bathroom Cleaner,https://raw.githubusercontent.com/Galigos162/publix-bogo-data/main/images/oxiclean_bathroom_cleaner.jpg,Non-Foods,BOGO,,false
Quilted Northern Bathroom Tissue,https://raw.githubusercontent.com/Galigos162/publix-bogo-data/main/images/quilted_northern_bathroom_tissue.jpg,Non-Foods,BOGO,,false
Clorox Toilet Bowl Cleaner,https://raw.githubusercontent.com/Galigos162/publix-bogo-data/main/images/clorox_toilet_bowl_cleaner.jpg,Non-Foods,BOGO,,false
Brawny Paper Towels,https://raw.githubusercontent.com/Galigos162/publix-bogo-data/main/images/brawny_paper_towels.jpg,Non-Foods,BOGO,,false
Bona Floor Cleaner,https://raw.githubusercontent.com/Galigos162/publix-bogo-data/main/images/bona_floor_cleaner.jpg,Non-Foods,BOGO,,false
Traeger Premium Hardwood Pellets,https://raw.githubusercontent.com/Galigos162/publix-bogo-data/main/images/traeger_premium_hardwood_pellets.jpg,Non-Foods,BOGO,,false
Pup-Peroni Dog Treats,https://raw.githubusercontent.com/Galigos162/publix-bogo-data/main/images/pupperoni_dog_treats.jpg,Pet,BOGO,,false
Cerebelly Organic Toddler Bars,https://raw.githubusercontent.com/Galigos162/publix-bogo-data/main/images/cerebelly_organic_toddler_bars.jpg,Protein|Baby,BOGO,,false
Foster Grant Sunglasses,https://raw.githubusercontent.com/Galigos162/publix-bogo-data/main/images/foster_grant_sunglasses.jpg,Health & Nutrition,BOGO,,false
Boogie Baby Products,https://raw.githubusercontent.com/Galigos162/publix-bogo-data/main/images/boogie_baby_products.jpg,Baby,BOGO,,false
EZ Foil Pans,https://raw.githubusercontent.com/Galigos162/publix-bogo-data/main/images/ez_foil_pans.jpg,Housewares,BOGO,,false
Nature's Recipe Dog Food,https://raw.githubusercontent.com/Galigos162/publix-bogo-data/main/images/natures_recipe_dog_food.jpg,Pet,BOGO,,false
Publix Alkaline Water,https://raw.githubusercontent.com/Galigos162/publix-bogo-data/main/images/publix_alkaline_water.jpg,Grocery,BOGO,,false
Eight O'Clock Ground or Whole Bean Coffee or K-Cups,https://raw.githubusercontent.com/Galigos162/publix-bogo-data/main/images/eight_oclock_ground_or_whole_bean_coffee_or_kcups.jpg,Grocery,BOGO,,false
Wonder Bagels,https://raw.githubusercontent.com/Galigos162/publix-bogo-data/main/images/wonder_bagels.jpg,Grocery,BOGO,,false
Kellogg's Cereal-All,https://raw.githubusercontent.com/Galigos162/publix-bogo-data/main/images/kelloggs_cerealall.jpg,Grocery,BOGO,,false
Wise Potato Chips,https://raw.githubusercontent.com/Galigos162/publix-bogo-data/main/images/wise_potato_chips.jpg,Grocery,BOGO,,false
Dunkin' Iced Coffee,https://raw.githubusercontent.com/Galigos162/publix-bogo-data/main/images/dunkin_iced_coffee.jpg,Grocery,BOGO,,false
Amylu Breakfast Bites,https://raw.githubusercontent.com/Galigos162/publix-bogo-data/main/images/amylu_breakfast_bites.jpg,Frozen Food,BOGO,,false
Pepperidge Farm Cookies,https://raw.githubusercontent.com/Galigos162/publix-bogo-data/main/images/pepperidge_farm_cookies.jpg,Grocery,BOGO,,false
Siete Tortillas,https://raw.githubusercontent.com/Galigos162/publix-bogo-data/main/images/siete_tortillas.jpg,Frozen Food,BOGO,,false
Taste Republic Tortelloni Pasta,https://raw.githubusercontent.com/Galigos162/publix-bogo-data/main/images/taste_republic_tortelloni_pasta.jpg,Frozen Food,BOGO,,false
Mrs. Butterworth's or Log Cabin Syrup,https://raw.githubusercontent.com/Galigos162/publix-bogo-data/main/images/mrs_butterworths_or_log_cabin_syrup.jpg,Grocery,BOGO,,false
Smithfield Anytime Favorites Smoked Cubed Ham,https://raw.githubusercontent.com/Galigos162/publix-bogo-data/main/images/smithfield_anytime_favorites_smoked_cubed_ham.jpg,Meat,BOGO,,false
6-Pack Coca-Cola Soft Drink Products,https://raw.githubusercontent.com/Galigos162/publix-bogo-data/main/images/6pack_cocacola_soft_drink_products.jpg,Grocery,BOGO,,false
Edwards Pie Slices,https://raw.githubusercontent.com/Galigos162/publix-bogo-data/main/images/edwards_pie_slices.jpg,Frozen Food,BOGO,,false
Klondike Bars or Ice Cream Sandwiches,https://raw.githubusercontent.com/Galigos162/publix-bogo-data/main/images/klondike_bars_or_ice_cream_sandwiches.jpg,Frozen Food,BOGO,,false
Candy Pop Popcorn,https://raw.githubusercontent.com/Galigos162/publix-bogo-data/main/images/candy_pop_popcorn.jpg,Grocery,BOGO,,false
Armour Pepperoni,https://raw.githubusercontent.com/Galigos162/publix-bogo-data/main/images/armour_pepperoni.jpg,Dairy,BOGO,,false
Hungry Jack Complete Pancake & Waffle Mix,https://raw.githubusercontent.com/Galigos162/publix-bogo-data/main/images/hungry_jack_complete_pancake_waffle_mix.jpg,Grocery,BOGO,,false
LesserEvil Popcorn,https://raw.githubusercontent.com/Galigos162/publix-bogo-data/main/images/lesserevil_popcorn.jpg,Grocery,BOGO,,false
Betty Crocker Fruit Snacks,https://raw.githubusercontent.com/Galigos162/publix-bogo-data/main/images/betty_crocker_fruit_snacks.jpg,Grocery,BOGO,Save $0.50 with digital coupon,false
Blue Zones Kitchen Bowl,https://raw.githubusercontent.com/Galigos162/publix-bogo-data/main/images/blue_zones_kitchen_bowl.jpg,Protein|Frozen Food,BOGO,,false
Smithfield Bacon,https://raw.githubusercontent.com/Galigos162/publix-bogo-data/main/images/smithfield_bacon.jpg,Meat,BOGO,,false
Zephyrhills Spring Water or Pure Life Purified Water,https://raw.githubusercontent.com/Galigos162/publix-bogo-data/main/images/zephyrhills_spring_water_or_pure_life_purified_water.jpg,Grocery,BOGO,,false
Margaritaville Shrimp Appetizers,https://raw.githubusercontent.com/Galigos162/publix-bogo-data/main/images/margaritaville_shrimp_appetizers.jpg,Frozen Food,BOGO,,false
Oscar Mayer Franks,https://raw.githubusercontent.com/Galigos162/publix-bogo-data/main/images/oscar_mayer_franks.jpg,Meat,BOGO,,false
Mike's Amazing Real Mayonnaise,https://raw.githubusercontent.com/Galigos162/publix-bogo-data/main/images/mikes_amazing_real_mayonnaise.jpg,Grocery,BOGO,,false
Prairie Fresh Pork Tenderloin,https://raw.githubusercontent.com/Galigos162/publix-bogo-data/main/images/prairie_fresh_pork_tenderloin.jpg,Protein|Meat,BOGO,,false
Demakes Bros. Beef Skewers,https://raw.githubusercontent.com/Galigos162/publix-bogo-data/main/images/demakes_bros_beef_skewers.jpg,Protein|Meat,BOGO,,false
Honeycrisp Apples,https://raw.githubusercontent.com/Galigos162/publix-bogo-data/main/images/honeycrisp_apples.jpg,Produce,BOGO,,false
Pero Family Farms Mini Sweet Peppers,https://raw.githubusercontent.com/Galigos162/publix-bogo-data/main/images/pero_family_farms_mini_sweet_peppers.jpg,Produce,BOGO,,false
Pero Family Farms Snipped Green Beans,https://raw.githubusercontent.com/Galigos162/publix-bogo-data/main/images/pero_family_farms_snipped_green_beans.jpg,Produce,BOGO,,false
Hot House Cucumbers,https://raw.githubusercontent.com/Galigos162/publix-bogo-data/main/images/hot_house_cucumbers.jpg,Produce,BOGO,,false
Florida's Natural Limeade,https://raw.githubusercontent.com/Galigos162/publix-bogo-data/main/images/floridas_natural_limeade.jpg,Produce,BOGO,,false
Potato Inspirations Honey Gold Potatoes,https://raw.githubusercontent.com/Galigos162/publix-bogo-data/main/images/potato_inspirations_honey_gold_potatoes.jpg,Produce,BOGO,,false
Beemster Cheese,https://raw.githubusercontent.com/Galigos162/publix-bogo-data/main/images/beemster_cheese.jpg,Deli,BOGO,,false
Reser's Salads,https://raw.githubusercontent.com/Galigos162/publix-bogo-data/main/images/resers_salads.jpg,Deli,BOGO,,false
Pretzelized Snacks Pretzel Pita Chips,https://raw.githubusercontent.com/Galigos162/publix-bogo-data/main/images/pretzelized_snacks_pretzel_pita_chips.jpg,Deli,BOGO,,false
Sabra Hummus,https://raw.githubusercontent.com/Galigos162/publix-bogo-data/main/images/sabra_hummus.jpg,Deli,BOGO,,false
"Cookies, 13-Count",https://raw.githubusercontent.com/Galigos162/publix-bogo-data/main/images/cookies_13count.jpg,Bakery,BOGO,,false
Campari Tomatoes,https://raw.githubusercontent.com/Galigos162/publix-bogo-data/main/images/campari_tomatoes.jpg,Produce,BOGO,,false
Mission Flour Tortillas,https://raw.githubusercontent.com/Galigos162/publix-bogo-data/main/images/mission_flour_tortillas.jpg,Grocery,BOGO,,false
Essentia Purified Drinking Water,https://raw.githubusercontent.com/Galigos162/publix-bogo-data/main/images/essentia_purified_drinking_water.jpg,Grocery,BOGO,,false
Dean's Dip,https://raw.githubusercontent.com/Galigos162/publix-bogo-data/main/images/deans_dip.jpg,Dairy,BOGO,,false
Simply Potatoes Mashed Potatoes,https://raw.githubusercontent.com/Galigos162/publix-bogo-data/main/images/simply_potatoes_mashed_potatoes.jpg,Meat,BOGO,,false
Totino's Party Pizza,https://raw.githubusercontent.com/Galigos162/publix-bogo-data/main/images/totinos_party_pizza.jpg,Frozen Food,BOGO,,false
Mentos Gum,https://raw.githubusercontent.com/Galigos162/publix-bogo-data/main/images/mentos_gum.jpg,Grocery,BOGO,,false
Pam Cooking Spray,https://raw.githubusercontent.com/Galigos162/publix-bogo-data/main/images/pam_cooking_spray.jpg,Grocery,BOGO,,false
Glaceau Smartwater,https://raw.githubusercontent.com/Galigos162/publix-bogo-data/main/images/glaceau_smartwater.jpg,Grocery,BOGO,,false
Athenos Feta Cheese,https://raw.githubusercontent.com/Galigos162/publix-bogo-data/main/images/athenos_feta_cheese.jpg,Dairy,BOGO,,false
Mission Tortilla Chips,https://raw.githubusercontent.com/Galigos162/publix-bogo-data/main/images/mission_tortilla_chips.jpg,Grocery,BOGO,,false
Bodyarmor Electrolyte Sportwater,https://raw.githubusercontent.com/Galigos162/publix-bogo-data/main/images/bodyarmor_electrolyte_sportwater.jpg,Grocery,BOGO,,false
Tyson Breaded Chicken,https://raw.githubusercontent.com/Galigos162/publix-bogo-data/main/images/tyson_breaded_chicken.jpg,Meat,BOGO,,false
Kraft Cheese Singles,https://raw.githubusercontent.com/Galigos162/publix-bogo-data/main/images/kraft_cheese_singles.jpg,Dairy,BOGO,,false
Caprisun Juice Drink Blend,https://raw.githubusercontent.com/Galigos162/publix-bogo-data/main/images/caprisun_juice_drink_blend.jpg,Grocery,BOGO,,false
So Good So You Organic Probiotic Juice Shot,https://raw.githubusercontent.com/Galigos162/publix-bogo-data/main/images/so_good_so_you_organic_probiotic_juice_shot.jpg,Produce,BOGO,,false
Hatfield Ham Steak,https://raw.githubusercontent.com/Galigos162/publix-bogo-data/main/images/hatfield_ham_steak.jpg,Meat,BOGO,,false
C4 Performance Energy Drink,https://raw.githubusercontent.com/Galigos162/publix-bogo-data/main/images/c4_performance_energy_drink.jpg,Grocery,BOGO,,false
Mahatma Long Grain Jasmine Rice,https://raw.githubusercontent.com/Galigos162/publix-bogo-data/main/images/mahatma_long_grain_jasmine_rice.jpg,Grocery,BOGO,,false
Good Foods Traditional Chunky Guacamole,https://raw.githubusercontent.com/Galigos162/publix-bogo-data/main/images/good_foods_traditional_chunky_guacamole.jpg,Produce,BOGO,,false
Humm Kombucha,https://raw.githubusercontent.com/Galigos162/publix-bogo-data/main/images/humm_kombucha.jpg,Produce,BOGO,,false
Land O Lakes Co-Jack Snack Cheese,https://raw.githubusercontent.com/Galigos162/publix-bogo-data/main/images/land_o_lakes_cojack_snack_cheese.jpg,Dairy,BOGO,,false
La Banderita Tortilla Chips,https://raw.githubusercontent.com/Galigos162/publix-bogo-data/main/images/la_banderita_tortilla_chips.jpg,Grocery,BOGO,,false
Willy's Fresh Salsa,https://raw.githubusercontent.com/Galigos162/publix-bogo-data/main/images/willys_fresh_salsa.jpg,Produce,BOGO,,false
7UP Products,https://raw.githubusercontent.com/Galigos162/publix-bogo-data/main/images/7up_products.jpg,Grocery,BOGO,,false
Joseph's Pita Bread,https://raw.githubusercontent.com/Galigos162/publix-bogo-data/main/images/josephs_pita_bread.jpg,Deli,BOGO,,false
Athenos Feta Cheese Chunk,https://raw.githubusercontent.com/Galigos162/publix-bogo-data/main/images/athenos_feta_cheese_chunk.jpg,Dairy,BOGO,,false
Calypso Lemonade,https://raw.githubusercontent.com/Galigos162/publix-bogo-data/main/images/calypso_lemonade.jpg,Grocery,BOGO,,false
Koia Protein,https://raw.githubusercontent.com/Galigos162/publix-bogo-data/main/images/koia_protein.jpg,Produce,BOGO,,false
Tsamma 100% Watermelon Juice,https://raw.githubusercontent.com/Galigos162/publix-bogo-data/main/images/tsamma_100_watermelon_juice.jpg,Produce,BOGO,,false
Stacy's Pita Chips or Thins or Bagel Chips,https://raw.githubusercontent.com/Galigos162/publix-bogo-data/main/images/stacys_pita_chips_or_thins_or_bagel_chips.jpg,Deli,BOGO,,false
Jones Dairy Farm Sausage Links,https://raw.githubusercontent.com/Galigos162/publix-bogo-data/main/images/jones_dairy_farm_sausage_links.jpg,Meat,BOGO,,false
Del Monte Tomatoes,https://raw.githubusercontent.com/Galigos162/publix-bogo-data/main/images/del_monte_tomatoes.jpg,Grocery,BOGO,,false
La Preferida Refried Beans,https://raw.githubusercontent.com/Galigos162/publix-bogo-data/main/images/la_preferida_refried_beans.jpg,Grocery,BOGO,,false
Blue Diamond Almonds,https://raw.githubusercontent.com/Galigos162/publix-bogo-data/main/images/blue_diamond_almonds.jpg,Grocery,BOGO,,false
Cooked Perfect Meatballs,https://raw.githubusercontent.com/Galigos162/publix-bogo-data/main/images/cooked_perfect_meatballs.jpg,Meat,BOGO,,false
Sabra Guacamole,https://raw.githubusercontent.com/Galigos162/publix-bogo-data/main/images/sabra_guacamole.jpg,Deli,BOGO,,false
Mac's Pork Cracklins,https://raw.githubusercontent.com/Galigos162/publix-bogo-data/main/images/macs_pork_cracklins.jpg,Meat,BOGO,,false
Yucatan Guacamole,https://raw.githubusercontent.com/Galigos162/publix-bogo-data/main/images/yucatan_guacamole.jpg,Produce,BOGO,,false
Godiva Dark Chocolate Bar,https://raw.githubusercontent.com/Galigos162/publix-bogo-data/main/images/godiva_dark_chocolate_bar.jpg,Grocery,BOGO,,false
Nerds Gummy Clusters,https://raw.githubusercontent.com/Galigos162/publix-bogo-data/main/images/nerds_gummy_clusters.jpg,Grocery,BOGO,,false
Iberia Coconut Water,https://raw.githubusercontent.com/Galigos162/publix-bogo-data/main/images/iberia_coconut_water.jpg,Grocery,BOGO,,false
Bakerly Brioche Rolls,https://raw.githubusercontent.com/Galigos162/publix-bogo-data/main/images/bakerly_brioche_rolls.jpg,Deli,BOGO,,false
Johnsonville Sausage Links,https://raw.githubusercontent.com/Galigos162/publix-bogo-data/main/images/johnsonville_sausage_links.jpg,Meat,BOGO,,false
Gayo Azul Gouda Cheese,https://raw.githubusercontent.com/Galigos162/publix-bogo-data/main/images/gayo_azul_gouda_cheese.jpg,Deli,BOGO,,false
Unique Pretzels,https://raw.githubusercontent.com/Galigos162/publix-bogo-data/main/images/unique_pretzels.jpg,Grocery,BOGO,,false
Lightlife Smart Plant-Based Protein Links,https://raw.githubusercontent.com/Galigos162/publix-bogo-data/main/images/lightlife_smart_plantbased_protein_links.jpg,Produce,BOGO,,false
Kevita Master Brew Kombucha,https://raw.githubusercontent.com/Galigos162/publix-bogo-data/main/images/kevita_master_brew_kombucha.jpg,Produce,BOGO,,false
Texas Pete Sauce,https://raw.githubusercontent.com/Galigos162/publix-bogo-data/main/images/texas_pete_sauce.jpg,Grocery,BOGO,,false
Tabla Fresca Farmstand Salsa,https://raw.githubusercontent.com/Galigos162/publix-bogo-data/main/images/tabla_fresca_farmstand_salsa.jpg,Deli,BOGO,,false
Tampico Punch,https://raw.githubusercontent.com/Galigos162/publix-bogo-data/main/images/tampico_punch.jpg,Grocery,BOGO,,false
Publix Young Turkey Breast,https://raw.githubusercontent.com/Galigos162/publix-bogo-data/main/images/publix_young_turkey_breast.jpg,Meat,BOGO,,false
Scripto Multi-Purpose Lighter,https://raw.githubusercontent.com/Galigos162/publix-bogo-data/main/images/scripto_multipurpose_lighter.jpg,Housewares,BOGO,,false
Arden's Garden Beverage,https://raw.githubusercontent.com/Galigos162/publix-bogo-data/main/images/ardens_garden_beverage.jpg,Produce,BOGO,,false
Liquid Death Flavored Sparkling Water,https://raw.githubusercontent.com/Galigos162/publix-bogo-data/main/images/liquid_death_flavored_sparkling_water.jpg,Grocery,BOGO,,false
Quaker Yellow Corn Meal,https://raw.githubusercontent.com/Galigos162/publix-bogo-data/main/images/quaker_yellow_corn_meal.jpg,Grocery,BOGO,,false
Kryssos Flatbread Crackers,https://raw.githubusercontent.com/Galigos162/publix-bogo-data/main/images/kryssos_flatbread_crackers.jpg,Deli,BOGO,,false
Fresh Cravings Bruschetta,https://raw.githubusercontent.com/Galigos162/publix-bogo-data/main/images/fresh_cravings_bruschetta.jpg,Deli,BOGO,,false
Yellow Yak Dog Treats,https://raw.githubusercontent.com/Galigos162/publix-bogo-data/main/images/yellow_yak_dog_treats.jpg,Pet,BOGO,,false
A Dozen Cousins Beans,https://raw.githubusercontent.com/Galigos162/publix-bogo-data/main/images/a_dozen_cousins_beans.jpg,Grocery,BOGO,,false
Chifles Plantain Strips,https://raw.githubusercontent.com/Galigos162/publix-bogo-data/main/images/chifles_plantain_strips.jpg,Grocery,BOGO,,false
Solera Manchego Sheep's Milk Cheese,https://raw.githubusercontent.com/Galigos162/publix-bogo-data/main/images/solera_manchego_sheeps_milk_cheese.jpg,Deli,BOGO,,false
Caprisun Juice,https://raw.githubusercontent.com/Galigos162/publix-bogo-data/main/images/caprisun_juice.jpg,Grocery,BOGO,,false
Abbot's Chorizo,https://raw.githubusercontent.com/Galigos162/publix-bogo-data/main/images/abbots_chorizo.jpg,Produce,BOGO,,false
Johnsonville Ground Sausage,https://raw.githubusercontent.com/Galigos162/publix-bogo-data/main/images/johnsonville_ground_sausage.jpg,Meat,BOGO,,false
Casa Martinez Fire Roasted Gourmet Salsa,https://raw.githubusercontent.com/Galigos162/publix-bogo-data/main/images/casa_martinez_fire_roasted_gourmet_salsa.jpg,Grocery,BOGO,,false
Food for Life English Muffins,https://raw.githubusercontent.com/Galigos162/publix-bogo-data/main/images/food_for_life_english_muffins.jpg,Frozen Food,BOGO,,false
Southern Recipe Pork Rinds,https://raw.githubusercontent.com/Galigos162/publix-bogo-data/main/images/southern_recipe_pork_rinds.jpg,Deli,BOGO,,false
Ammerlander Cheese,https://raw.githubusercontent.com/Galigos162/publix-bogo-data/main/images/ammerlander_cheese.jpg,Deli,BOGO,,false
Hoist Sports Drink,https://raw.githubusercontent.com/Galigos162/publix-bogo-data/main/images/hoist_sports_drink.jpg,Grocery,BOGO,,false
Patak's Sauce,https://raw.githubusercontent.com/Galigos162/publix-bogo-data/main/images/pataks_sauce.jpg,Grocery,BOGO,,false
A Dozen Cousins Rice,https://raw.githubusercontent.com/Galigos162/publix-bogo-data/main/images/a_dozen_cousins_rice.jpg,Grocery,BOGO,,false
Liquid Death Tea,https://raw.githubusercontent.com/Galigos162/publix-bogo-data/main/images/liquid_death_tea.jpg,Grocery,BOGO,,false
Old El Paso Taco Shells,https://raw.githubusercontent.com/Galigos162/publix-bogo-data/main/images/old_el_paso_taco_shells.jpg,Grocery,BOGO,,false
Jennies Macaroons,https://raw.githubusercontent.com/Galigos162/publix-bogo-data/main/images/jennies_macaroons.jpg,Grocery,BOGO,,false
Boil The Bag Peanuts,https://raw.githubusercontent.com/Galigos162/publix-bogo-data/main/images/boil_the_bag_peanuts.jpg,Produce,BOGO,,false
That's It Fruit Bar,https://raw.githubusercontent.com/Galigos162/publix-bogo-data/main/images/thats_it_fruit_bar.jpg,Health & Nutrition,BOGO,,false
Publix Limited Edition White Cheddar Cheese,https://raw.githubusercontent.com/Galigos162/publix-bogo-data/main/images/publix_limited_edition_white_cheddar_cheese.jpg,Deli,BOGO,,false
Vine to Bar Dark Chocolate,https://raw.githubusercontent.com/Galigos162/publix-bogo-data/main/images/vine_to_bar_dark_chocolate.jpg,Grocery,BOGO,,false
Statesboro Cheese,https://raw.githubusercontent.com/Galigos162/publix-bogo-data/main/images/statesboro_cheese.jpg,Deli,BOGO,,false
Ball Jars,https://raw.githubusercontent.com/Galigos162/publix-bogo-data/main/images/ball_jars.jpg,Grocery,BOGO,,false
Super Coffee Protein Enhanced Coffee Shake,https://raw.githubusercontent.com/Galigos162/publix-bogo-data/main/images/super_coffee_protein_enhanced_coffee_shake.jpg,Grocery,BOGO,,false
Old El Paso Taco Sauce,https://raw.githubusercontent.com/Galigos162/publix-bogo-data/main/images/old_el_paso_taco_sauce.jpg,Grocery,BOGO,,false
Jennies Organic Macaroons,https://raw.githubusercontent.com/Galigos162/publix-bogo-data/main/images/jennies_organic_macaroons.jpg,Grocery,BOGO,,false
Sweet Loren's Breakfast Biscuits,https://raw.githubusercontent.com/Galigos162/publix-bogo-data/main/images/sweet_lorens_breakfast_biscuits.jpg,Grocery,BOGO,,false
Patak's Original Mango Preserve,https://raw.githubusercontent.com/Galigos162/publix-bogo-data/main/images/pataks_original_mango_preserve.jpg,Grocery,BOGO,,false
Amy's Soups,https://raw.githubusercontent.com/Galigos162/publix-bogo-data/main/images/amys_soups.jpg,Grocery,BOGO,,false
Arm & Hammer Laundry Detergent,https://raw.githubusercontent.com/Galigos162/publix-bogo-data/main/images/arm_hammer_laundry_detergent.jpg,Non-Foods,BOGO,,false
Arm & Hammer Scent Booster or Sheets or Fabric Rinse,https://raw.githubusercontent.com/Galigos162/publix-bogo-data/main/images/arm_hammer_scent_booster_or_sheets_or_fabric_rinse.jpg,Non-Foods,BOGO,,false
12-Pack Athletic Brewing Co Non-Alcoholic Beer,https://raw.githubusercontent.com/Galigos162/publix-bogo-data/main/images/12pack_athletic_brewing_co_nonalcoholic_beer.jpg,Beer & Wine,BOGO,,false
Banquet Mega Bowls,https://raw.githubusercontent.com/Galigos162/publix-bogo-data/main/images/banquet_mega_bowls.jpg,Frozen Food,BOGO,,false
6-Pack Blue Moon Beer,https://raw.githubusercontent.com/Galigos162/publix-bogo-data/main/images/6pack_blue_moon_beer.jpg,Beer & Wine,BOGO,,false
Breakstone's Cottage Cheese or Sour Cream,https://raw.githubusercontent.com/Galigos162/publix-bogo-data/main/images/breakstones_cottage_cheese_or_sour_cream.jpg,Dairy,BOGO,,false
12-Pack Bud Light Lime Beer,https://raw.githubusercontent.com/Galigos162/publix-bogo-data/main/images/12pack_bud_light_lime_beer.jpg,Beer & Wine,BOGO,,false
Cabot Cheese Bar,https://raw.githubusercontent.com/Galigos162/publix-bogo-data/main/images/cabot_cheese_bar.jpg,Dairy,BOGO,,false
"Carbona 2-in-1 Carpet Cleaner, Oxy Powered",https://raw.githubusercontent.com/Galigos162/publix-bogo-data/main/images/carbona_2in1_carpet_cleaner_oxy_powered.jpg,Non-Foods,BOGO,,false
Clay Creek Cabernet Sauvignon Wine,https://raw.githubusercontent.com/Galigos162/publix-bogo-data/main/images/clay_creek_cabernet_sauvignon_wine.jpg,Beer & Wine,BOGO,,false
College Inn Broth,https://raw.githubusercontent.com/Galigos162/publix-bogo-data/main/images/college_inn_broth.jpg,Grocery,BOGO,,false
De Cecco Pasta,https://raw.githubusercontent.com/Galigos162/publix-bogo-data/main/images/de_cecco_pasta.jpg,Protein|Grocery,BOGO,,false
Dixie Plates or Bowls,https://raw.githubusercontent.com/Galigos162/publix-bogo-data/main/images/dixie_plates_or_bowls.jpg,Non-Foods,BOGO,Save $0.50 with digital coupon,false
Duncan Hines Brownie Mix,https://raw.githubusercontent.com/Galigos162/publix-bogo-data/main/images/duncan_hines_brownie_mix.jpg,Grocery,BOGO,,false
El Monterey Burritos,https://raw.githubusercontent.com/Galigos162/publix-bogo-data/main/images/el_monterey_burritos.jpg,Frozen Food,BOGO,,false
Entenmann's Little Bites,https://raw.githubusercontent.com/Galigos162/publix-bogo-data/main/images/entenmanns_little_bites.jpg,Grocery,BOGO,,false
Essentia Water,https://raw.githubusercontent.com/Galigos162/publix-bogo-data/main/images/essentia_water.jpg,Grocery,BOGO,,false
6-Pack Famosa Lager Beer,https://raw.githubusercontent.com/Galigos162/publix-bogo-data/main/images/6pack_famosa_lager_beer.jpg,Beer & Wine,BOGO,,false
Farmer Focus Chicken Party Wings,https://raw.githubusercontent.com/Galigos162/publix-bogo-data/main/images/farmer_focus_chicken_party_wings.jpg,Meat,BOGO,,false
4-Pack Fever-Tree Products,https://raw.githubusercontent.com/Galigos162/publix-bogo-data/main/images/4pack_fevertree_products.jpg,Liquor,BOGO,,false
Finish Dishwasher Detergent,https://raw.githubusercontent.com/Galigos162/publix-bogo-data/main/images/finish_dishwasher_detergent.jpg,Non-Foods,BOGO,,false
Frito Lay Party Size Snacks,https://raw.githubusercontent.com/Galigos162/publix-bogo-data/main/images/frito_lay_party_size_snacks.jpg,Grocery,BOGO,,false
Glad Freezer or Storage Bags,https://raw.githubusercontent.com/Galigos162/publix-bogo-data/main/images/glad_freezer_or_storage_bags.jpg,Non-Foods,BOGO,,false
Grill Mates Marinade,https://raw.githubusercontent.com/Galigos162/publix-bogo-data/main/images/grill_mates_marinade.jpg,Grocery,BOGO,,false
Happy Egg Co. Brown Eggs,https://raw.githubusercontent.com/Galigos162/publix-bogo-data/main/images/happy_egg_co_brown_eggs.jpg,Protein|Dairy,BOGO,,false
Hawaiian Punch Juice Drink,https://raw.githubusercontent.com/Galigos162/publix-bogo-data/main/images/hawaiian_punch_juice_drink.jpg,Grocery,BOGO,,false
Heavenly Hunks Gluten-Free Bites,https://raw.githubusercontent.com/Galigos162/publix-bogo-data/main/images/heavenly_hunks_glutenfree_bites.jpg,Grocery,BOGO,,false
Hellmann's Mayonnaise,https://raw.githubusercontent.com/Galigos162/publix-bogo-data/main/images/hellmanns_mayonnaise.jpg,Grocery,BOGO,Save $2.00 with digital coupon,false
Hershey's Syrup,https://raw.githubusercontent.com/Galigos162/publix-bogo-data/main/images/hersheys_syrup.jpg,Grocery,BOGO,,false
Hillshire Farm Smoked Sausage,https://raw.githubusercontent.com/Galigos162/publix-bogo-data/main/images/hillshire_farm_smoked_sausage.jpg,Meat,BOGO,,false
Innovasian Cuisine Side Dish,https://raw.githubusercontent.com/Galigos162/publix-bogo-data/main/images/innovasian_cuisine_side_dish.jpg,Frozen Food,BOGO,,false
Jarlsberg Cheese,https://raw.githubusercontent.com/Galigos162/publix-bogo-data/main/images/jarlsberg_cheese.jpg,Protein|Deli,BOGO,,false
Jolly Time Popcorn,https://raw.githubusercontent.com/Galigos162/publix-bogo-data/main/images/jolly_time_popcorn.jpg,Grocery,BOGO,,false
Keebler Fudge Stripes Cookies,https://raw.githubusercontent.com/Galigos162/publix-bogo-data/main/images/keebler_fudge_stripes_cookies.jpg,Grocery,BOGO,,false
King's Hawaiian Hot Dog or Hamburger Buns,https://raw.githubusercontent.com/Galigos162/publix-bogo-data/main/images/kings_hawaiian_hot_dog_or_hamburger_buns.jpg,Deli,BOGO,,false
Kraft Philadelphia Cream Cheese,https://raw.githubusercontent.com/Galigos162/publix-bogo-data/main/images/kraft_philadelphia_cream_cheese.jpg,Dairy,BOGO,,false
12-Pack Landshark Island Style Lager,https://raw.githubusercontent.com/Galigos162/publix-bogo-data/main/images/12pack_landshark_island_style_lager.jpg,Beer & Wine,BOGO,,false
Lipton Tea,https://raw.githubusercontent.com/Galigos162/publix-bogo-data/main/images/lipton_tea.jpg,Grocery,BOGO,,false
Liquid I.V. Hydration or Energy Multiplier,https://raw.githubusercontent.com/Galigos162/publix-bogo-data/main/images/liquid_iv_hydration_or_energy_multiplier.jpg,Grocery,BOGO,,false
Luzianne Tea Bags,https://raw.githubusercontent.com/Galigos162/publix-bogo-data/main/images/luzianne_tea_bags.jpg,Grocery,BOGO,,false
Made by James Chardonnay Wine,https://raw.githubusercontent.com/Galigos162/publix-bogo-data/main/images/made_by_james_chardonnay_wine.jpg,Beer & Wine,BOGO,,false
Maison de Madeleine Brut Wine,https://raw.githubusercontent.com/Galigos162/publix-bogo-data/main/images/maison_de_madeleine_brut_wine.jpg,Beer & Wine,BOGO,,false
Mano's Authentic Pita Chips,https://raw.githubusercontent.com/Galigos162/publix-bogo-data/main/images/manos_authentic_pita_chips.jpg,Deli,BOGO,,false
Marie Callender's Meal to Share,https://raw.githubusercontent.com/Galigos162/publix-bogo-data/main/images/marie_callenders_meal_to_share.jpg,Frozen Food,BOGO,,false
Marzetti Dressing,https://raw.githubusercontent.com/Galigos162/publix-bogo-data/main/images/marzetti_dressing.jpg,Produce,BOGO,,false
12-Pack Montucky Cold Snacks Lager,https://raw.githubusercontent.com/Galigos162/publix-bogo-data/main/images/12pack_montucky_cold_snacks_lager.jpg,Beer & Wine,BOGO,,false
Mt. Olive Relish,https://raw.githubusercontent.com/Galigos162/publix-bogo-data/main/images/mt_olive_relish.jpg,Grocery,BOGO,,false
Nature Valley Granola Bars or Wafer Bars or Biscuits,https://raw.githubusercontent.com/Galigos162/publix-bogo-data/main/images/nature_valley_granola_bars_or_wafer_bars_or_biscuits.jpg,Grocery,BOGO,,false
Nature's Own Life Bread,https://raw.githubusercontent.com/Galigos162/publix-bogo-data/main/images/natures_own_life_bread.jpg,Grocery,BOGO,,false
Nestle Coffee Mate Coffee Creamer,https://raw.githubusercontent.com/Galigos162/publix-bogo-data/main/images/nestle_coffee_mate_coffee_creamer.jpg,Dairy,BOGO,,false
Nestle Drumstick Cones or Oreo Frozen Dairy Dessert Cones or Outshine Fruit Bars,https://raw.githubusercontent.com/Galigos162/publix-bogo-data/main/images/nestle_drumstick_cones_or_oreo_frozen_dairy_dessert_cones_or_outshine_fruit_bars.jpg,Frozen Food,BOGO,,false
Nivea Men Body Wash,https://raw.githubusercontent.com/Galigos162/publix-bogo-data/main/images/nivea_men_body_wash.jpg,Beauty & Personal Care,BOGO,,false
Old El Paso Taco Dinner Kit,https://raw.githubusercontent.com/Galigos162/publix-bogo-data/main/images/old_el_paso_taco_dinner_kit.jpg,Grocery,BOGO,,false
On The Border Tortilla Chips,https://raw.githubusercontent.com/Galigos162/publix-bogo-data/main/images/on_the_border_tortilla_chips.jpg,Grocery,BOGO,,false
Ore-Ida Potatoes or Tots,https://raw.githubusercontent.com/Galigos162/publix-bogo-data/main/images/oreida_potatoes_or_tots.jpg,Frozen Food,BOGO,,false
Minden Mill Nevada Straight Rye Whiskey,https://raw.githubusercontent.com/Galigos162/publix-bogo-data/main/images/minden_mill_nevada_straight_rye_whiskey.jpg,Liquor,BOGO,,false
AMC Theatres Microwave Popcorn,https://raw.githubusercontent.com/Galigos162/publix-bogo-data/main/images/amc_theatres_microwave_popcorn.jpg,Grocery,BOGO,,false
Jocko Molk Protein Shake or Hydrate Sports Drink,https://raw.githubusercontent.com/Galigos162/publix-bogo-data/main/images/jocko_molk_protein_shake_or_hydrate_sports_drink.jpg,Protein|Grocery,BOGO,,false
Sanders Milk or Dark Chocolate Caramels or Clusters,https://raw.githubusercontent.com/Galigos162/publix-bogo-data/main/images/sanders_milk_or_dark_chocolate_caramels_or_clusters.jpg,Grocery,BOGO,,false
Solaray Dietary Supplements,https://raw.githubusercontent.com/Galigos162/publix-bogo-data/main/images/solaray_dietary_supplements.jpg,Health & Nutrition,BOGO,,false
Demakes Shaved Beef,https://raw.githubusercontent.com/Galigos162/publix-bogo-data/main/images/demakes_shaved_beef.jpg,Meat,BOGO,,false
Palmetto Pimento Cheese,https://raw.githubusercontent.com/Galigos162/publix-bogo-data/main/images/palmetto_pimento_cheese.jpg,Dairy,BOGO,,false
Pampers Splashers Swim Pants,https://raw.githubusercontent.com/Galigos162/publix-bogo-data/main/images/pampers_splashers_swim_pants.jpg,Baby,BOGO,,false
"Panera Bread Soups, Ready-to-Heat & Enjoy",https://raw.githubusercontent.com/Galigos162/publix-bogo-data/main/images/panera_bread_soups_readytoheat_enjoy.jpg,Deli,BOGO,,false
Peter Pan Peanut Butter,https://raw.githubusercontent.com/Galigos162/publix-bogo-data/main/images/peter_pan_peanut_butter.jpg,Grocery,BOGO,,false
Pillsbury Crescents or Rolls or Mini Cinni Stix,https://raw.githubusercontent.com/Galigos162/publix-bogo-data/main/images/pillsbury_crescents_or_rolls_or_mini_cinni_stix.jpg,Dairy,BOGO,,false
Planters Peanuts,https://raw.githubusercontent.com/Galigos162/publix-bogo-data/main/images/planters_peanuts.jpg,Grocery,BOGO,,false
Polaner Preserves,https://raw.githubusercontent.com/Galigos162/publix-bogo-data/main/images/polaner_preserves.jpg,Protein|Grocery,BOGO,,false
Polly-O Mozzarella String Cheese,https://raw.githubusercontent.com/Galigos162/publix-bogo-data/main/images/pollyo_mozzarella_string_cheese.jpg,Protein|Dairy,BOGO,,false
Post Cereal-All,https://raw.githubusercontent.com/Galigos162/publix-bogo-data/main/images/post_cerealall.jpg,Grocery,BOGO,,false
Prairie Fresh Pork: St. Louis Style Spareribs or Pork Loin Back Ribs,https://raw.githubusercontent.com/Galigos162/publix-bogo-data/main/images/prairie_fresh_pork_st_louis_style_spareribs_or_pork_loin_back_ribs.jpg,Frozen Food,BOGO,,false
Publix Children's Profen IB,https://raw.githubusercontent.com/Galigos162/publix-bogo-data/main/images/publix_childrens_profen_ib.jpg,Health & Nutrition,BOGO,,false
Publix Pork St. Louis Style Spareribs,https://raw.githubusercontent.com/Galigos162/publix-bogo-data/main/images/publix_pork_st_louis_style_spareribs.jpg,Frozen Food,BOGO,,false
Publix Pork Loin Back Ribs,https://raw.githubusercontent.com/Galigos162/publix-bogo-data/main/images/publix_pork_loin_back_ribs.jpg,Frozen Food,BOGO,,false
Publix Mussels,https://raw.githubusercontent.com/Galigos162/publix-bogo-data/main/images/publix_mussels.jpg,Frozen Food,BOGO,,false
Purely Elizabeth. Granola,https://raw.githubusercontent.com/Galigos162/publix-bogo-data/main/images/purely_elizabeth_granola.jpg,Grocery,BOGO,,false
Raid Ant & Roach Killer,https://raw.githubusercontent.com/Galigos162/publix-bogo-data/main/images/raid_ant_roach_killer.jpg,Non-Foods,BOGO,,false
Reveal Cat Food,https://raw.githubusercontent.com/Galigos162/publix-bogo-data/main/images/reveal_cat_food.jpg,Pet,BOGO,,false
12-Pack Simply Spiked Lemonade,https://raw.githubusercontent.com/Galigos162/publix-bogo-data/main/images/12pack_simply_spiked_lemonade.jpg,Beer & Wine,BOGO,,false
8-Pack Sinless Vodka Cocktail,https://raw.githubusercontent.com/Galigos162/publix-bogo-data/main/images/8pack_sinless_vodka_cocktail.jpg,Beer & Wine,BOGO,,false
Springer Mountain Farms Chicken Wings,https://raw.githubusercontent.com/Galigos162/publix-bogo-data/main/images/springer_mountain_farms_chicken_wings.jpg,Protein|Frozen Food,BOGO,,false
Spritz Del Conte Classico Wine,https://raw.githubusercontent.com/Galigos162/publix-bogo-data/main/images/spritz_del_conte_classico_wine.jpg,Beer & Wine,BOGO,,false
Stonefire Naan Rounds,https://raw.githubusercontent.com/Galigos162/publix-bogo-data/main/images/stonefire_naan_rounds.jpg,Deli,BOGO,,false
Sweet Loren's Cookie Dough,https://raw.githubusercontent.com/Galigos162/publix-bogo-data/main/images/sweet_lorens_cookie_dough.jpg,Dairy,BOGO,,false
Totino's Pizza Rolls,https://raw.githubusercontent.com/Galigos162/publix-bogo-data/main/images/totinos_pizza_rolls.jpg,Frozen Food,BOGO,,false
V8 Beverage or Juice,https://raw.githubusercontent.com/Galigos162/publix-bogo-data/main/images/v8_beverage_or_juice.jpg,Grocery,BOGO,,false
"Vanity Fair Napkins: Everyday Casual or Extra Absorbent, or Entertain",https://raw.githubusercontent.com/Galigos162/publix-bogo-data/main/images/vanity_fair_napkins_everyday_casual_or_extra_absorbent_or_entertain.jpg,Non-Foods,BOGO,,false
Vlasic Pickles,https://raw.githubusercontent.com/Galigos162/publix-bogo-data/main/images/vlasic_pickles.jpg,Grocery,BOGO,,false
Weber Ranch 1902 Vodka,https://raw.githubusercontent.com/Galigos162/publix-bogo-data/main/images/weber_ranch_1902_vodka.jpg,Liquor,BOGO,,false
Wish-Bone Dressing,https://raw.githubusercontent.com/Galigos162/publix-bogo-data/main/images/wishbone_dressing.jpg,Grocery,BOGO,,false
Starbucks Frappuccino Chilled Coffee Drink,https://raw.githubusercontent.com/Galigos162/publix-bogo-data/main/images/starbucks_frappuccino_chilled_coffee_drink.jpg,Grocery,B2G1,,false
Snack Factory Pretzel Crisps,https://raw.githubusercontent.com/Galigos162/publix-bogo-data/main/images/snack_factory_pretzel_crisps.jpg,Deli,B2G1,,false
Tortilleria Mi Nina Tortilla Chips,https://raw.githubusercontent.com/Galigos162/publix-bogo-data/main/images/tortilleria_mi_nina_tortilla_chips.jpg,Deli,B2G1,,false
Naked Juice Smoothie,https://raw.githubusercontent.com/Galigos162/publix-bogo-data/main/images/naked_juice_smoothie.jpg,Produce,B2G1,,false
Mother Organic Kombucha,https://raw.githubusercontent.com/Galigos162/publix-bogo-data/main/images/mother_organic_kombucha.jpg,Produce,B2G1,,false
12-Pack Coca-Cola Products,https://raw.githubusercontent.com/Galigos162/publix-bogo-data/main/images/12pack_cocacola_products.jpg,Grocery,B2G2,,false
6-Pack Pepsi Products,https://raw.githubusercontent.com/Galigos162/publix-bogo-data/main/images/6pack_pepsi_products.jpg,Grocery,B2G3,,false
La Croix Sparkling Water,https://raw.githubusercontent.com/Galigos162/publix-bogo-data/main/images/la_croix_sparkling_water.jpg,Grocery,B2G1,,false
8-Pack Coca-Cola Soft Drink Products,https://raw.githubusercontent.com/Galigos162/publix-bogo-data/main/images/8pack_cocacola_soft_drink_products.jpg,Grocery,B2G1,,false
12-Pack Pepsi Products,https://raw.githubusercontent.com/Galigos162/publix-bogo-data/main/images/12pack_pepsi_products.jpg,Grocery,B2G1,Save $3.00 with digital coupon,false
Nabisco Wheat Thins Snacks,https://raw.githubusercontent.com/Galigos162/publix-bogo-data/main/images/nabisco_wheat_thins_snacks.jpg,Grocery,B2G1,,false
Triscuit or Nabisco Wheat Thins Crackers,https://raw.githubusercontent.com/Galigos162/publix-bogo-data/main/images/triscuit_or_nabisco_wheat_thins_crackers.jpg,Grocery,B2G1,,false
10-Pack Pepsi Products,https://raw.githubusercontent.com/Galigos162/publix-bogo-data/main/images/10pack_pepsi_products.jpg,Grocery,B2G1,Save $5.00 with digital coupon,false
Poppi Prebiotic Soda,https://raw.githubusercontent.com/Galigos162/publix-bogo-data/main/images/poppi_prebiotic_soda.jpg,Grocery,B2G1,,false
Coca-Cola de Mexico Singles,https://raw.githubusercontent.com/Galigos162/publix-bogo-data/main/images/cocacola_de_mexico_singles.jpg,Grocery,B2G1,,false
Good Thins Snacks,https://raw.githubusercontent.com/Galigos162/publix-bogo-data/main/images/good_thins_snacks.jpg,Grocery,B2G1,,false
Red Bull Energy Drink,https://raw.githubusercontent.com/Galigos162/publix-bogo-data/main/images/red_bull_energy_drink.jpg,Grocery,B2G1,,false
12-Pack 7UP Products,https://raw.githubusercontent.com/Galigos162/publix-bogo-data/main/images/12pack_7up_products.jpg,Grocery,B2G2,,false
Celsius Energy Drink,https://raw.githubusercontent.com/Galigos162/publix-bogo-data/main/images/celsius_energy_drink.jpg,Grocery,B2G2,,false
Coca-Cola Products,https://raw.githubusercontent.com/Galigos162/publix-bogo-data/main/images/cocacola_products.jpg,Grocery,B2G2,,false
Nabisco Snack Crackers,https://raw.githubusercontent.com/Galigos162/publix-bogo-data/main/images/nabisco_snack_crackers.jpg,Grocery,B2G1,,false
Pepsi Products,https://raw.githubusercontent.com/Galigos162/publix-bogo-data/main/images/pepsi_products.jpg,Grocery,B2G2,,false
12-Pack Zevia Zero Sugar Soda,https://raw.githubusercontent.com/Galigos162/publix-bogo-data/main/images/12pack_zevia_zero_sugar_soda.jpg,Grocery,B2G1,,false
Power Crunch Protein Energy Bar,https://raw.githubusercontent.com/Galigos162/publix-bogo-data/main/images/power_crunch_protein_energy_bar.jpg,Health & Nutrition,B2G1,,false
Crown Royal Canadian Whisky,https://raw.githubusercontent.com/Galigos162/publix-bogo-data/main/images/crown_royal_canadian_whisky.jpg,Liquor,B2G1,,false
Johnnie Walker Black Label Blended Scotch,https://raw.githubusercontent.com/Galigos162/publix-bogo-data/main/images/johnnie_walker_black_label_blended_scotch.jpg,Liquor,B2G1,,false